Александр
Невзоров 
Глебович
мужской
ИВТ
3
34-17
Петербург 
5 4 3 4 4
2 3 3 3 3
5 5 5 5 5
2 3 3 2 3
2 2 2 2 2

Андрей
Курпатов
Владимирович
мужской
Факультет психологии
1
33-17
Москва
5 5 5 5 5
5 5 5 5 5
5 5 5 5 5
5 5 5 5 5
5 5 5 5 5

Джон
Пьюзо
-
мужской
ИВТ
2
34-17
Москва
3 2 4 4 3
2 3 2 3 5
4 3 5 4 3
5 5 4 4 5
5 5 5 5 5

Десмонд
Моррис 
-
мужской
ИВТ
3
34-17
Петербург 
2 2 2 2 2 
2 2 2 2 2
5 5 5 5 5
5 5 5 5 5
4 4 3 2 5

Ричард
Докинз
-
мужской
ИВТ
5
33-17
Москва
5 5 5 5 5
5 5 5 5 5
5 5 5 5 5
5 5 5 5 5
5 5 5 5 5


Марио
Пьюзо
-
мужской
ИВТ
4
34-17
Москва
3 2 2 2 2
2 3 2 3 2
4 3 5 4 2
4 5 4 4 5
5 5 5 5 5


Герман
Гессе
-
мужской
Факультет художественной литературы
4
34-17
Королевство Вюртемберг
4 3 4 3 4
2 3 2 2 3
3 4 3 4 4
5 5 4 5 5
5 5 5 5 5

Анатолий
Акунин
-
мужской
ИВТ
3
33-17
Зестафони
4 3 3 4 3
3 3 3 3 3
4 4 3 3 3
5 5 4 5 5
5 4 5 5 4

Борис
Акунин
-
мужской
ИВТ
3
33-17
Зестафони
3 3 3 3 3
3 3 3 3 3
3 3 3 3 3
5 5 5 5 5
5 5 5 5 4

Рита
Леви-Монтальчини
-
Женский
ИВТ
5
33-17
Турин
5 5 5 5 5
5 4 5 5 5
5 5 5 5 5
5 4 5 5 5
5 5 5 3 5

Маргарет 
Тэтчер
-
Женский
Факультет политологии
2
33-17
Ачинск
5 5 5 5 5
5 5 5 5 5
5 5 5 5 5
5 5 5 5 5
5 5 5 5 5

Хеди
Ламарр
-
Женский
ИВТ
5
34-17
Ачинск
5 5 5 5 5
5 5 5 5 5
5 5 5 5 5
5 5 5 5 5
5 5 5 5 5
